37   ( 1)   36   ( 1)   35   ( 1)   34   ( 1)   33   ( 1)   32   ( 1)   31

(1)        (19)        (19)        (19)        (19)        (19)        (1)

38   (21)   17   ( 1)   16   ( 1)   15   ( 1)   14   ( 1)   13   (17)   30

(1)        ( 1)        (11)        (11)        (11)        ( 1)        (1)

39   (21)   18   (13)    5   ( 1)    4   ( 1)    3   ( 9)   12   (17)   29

(1)        ( 1)        ( 1)        ( 3)        ( 1)        ( 1)        (1)

40   (21)   19   (13)    6   ( 5)    1   ( 1)    2   ( 9)   11   (17)   28

(1)        ( 1)        ( 1)        ( 7)        ( 7)        ( 1)        (1)

41   (21)   20   (13)    7   ( 1)    8   ( 1)    9   ( 1)   10   (17)   27

(1)        ( 1)        (15)        (15)        (15)        (15)        (1)

42   (21)   21   ( 1)   22   ( 1)   23   ( 1)   24   ( 1)   25   ( 1)   26

(1)        (23)        (23)        (23)        (23)        (23)        (23)

43   ( 1)   44   ( 1)   45   ( 1)   46   ( 1)   47   ( 1)   48   ( 1)   49


Ring Size:
1
8
16
24



From 2:
  Left
From 3:
  Left (4)
  Down (2)
From 4:
  Down
From 5:
  Right (4)
  Down (6)
From 6:
  Right
From 7:
  Up (6)
  Right (8)
From 8:
  Up
From 9:
  Left (8)
  Up (2)

37   ( 6)   36   ( 5)   35   ( 4)   34   ( 4)   33   ( 5)   32   ( 6)   31

(6)        ( 5)        ( 4)        ( 3)        ( 4)        ( 5)        (6)

38   ( 5)   17   ( 4)   16   ( 3)   15   ( 3)   14   ( 4)   13   ( 5)   30

(5)        ( 4)        ( 3)        ( 2)        ( 3)        ( 4)        (5)

39   ( 4)   18   ( 3)    5   ( 2)    4   ( 2)    3   ( 3)   12   ( 4)   29

(4)        ( 3)        ( 2)        ( 1)        ( 2)        ( 3)        (4)

40   ( 3)   19   ( 2)    6   ( 1)    1   ( 1)    2   ( 2)   11   ( 3)   28

(4)        ( 3)        ( 2)        ( 1)        ( 2)        ( 3)        (4)

41   ( 4)   20   ( 3)    7   ( 2)    8   ( 2)    9   ( 3)   10   ( 4)   27

(5)        ( 4)        ( 3)        ( 2)        ( 3)        ( 4)        (5)

42   ( 5)   21   ( 4)   22   ( 3)   23   ( 3)   24   ( 4)   25   ( 5)   26

(6)        ( 5)        ( 4)        ( 3)        ( 4)        ( 5)        (6)

43   ( 6)   44   ( 5)   45   ( 4)   46   ( 4)   47   ( 5)   48   ( 6)   49
